%YAML:1.0
CameraInfo:
  -
    Name: fv_3_r
    DevID: "../data/fv_demo/cam1_0001.m4v"
    Width: 320
    Height: 240
    PixelFormat: MJPG
    NRotate90: 0
    Rectification: 1
    Alpha: 0.8
    K: !!opencv-matrix
      rows: 3
      cols: 3
      dt: d
      data: [ 2.9626599933569219e+02, 0., 1.6184603192794432e+02, 0.,
          2.9626599933569219e+02, 1.2062472517136455e+02, 0., 0., 1. ]
    D: !!opencv-matrix
      rows: 1
      cols: 5
      dt: d
      data: [ -9.5718286674593955e-01, 5.5100676290063433e-01, 0., 0., 0. ]
    R: !!opencv-matrix
      rows: 3
      cols: 3
      dt: d
      data: [ 1.0, 0.0, 0.0,  0.0, 1.0, 0.0,  0.0, 0.0, 1.0 ]
