%YAML:1.0
KeyPoints:
   -
      angle: -1.
      class_id: -1
      octave: 0
      pt:
         x: 5.4973682403564453e+01
         y: 2.3013157653808594e+02
      response: 0.
      size: 2.5193328857421875e+00
   -
      angle: -1.
      class_id: -1
      octave: 0
      pt:
         x: 3.1662161254882812e+02
         y: 1.8472071838378906e+02
      response: 0.
      size: 2.6636517047882080e+00
   -
      angle: -1.
      class_id: -1
      octave: 0
      pt:
         x: 2.7948425292968750e+02
         y: 1.8725852966308594e+02
      response: 0.
      size: 7.1262874603271484e+00
   -
      angle: -1.
      class_id: -1
      octave: 0
      pt:
         x: 2.2362301635742188e+02
         y: 1.7671031188964844e+02
      response: 0.
      size: 3.6247253417968750e+00
   -
      angle: -1.
      class_id: -1
      octave: 0
      pt:
         x: 1.7939582824707031e+02
         y: 174.
      response: 0.
      size: 2.4173786640167236e+00
   -
      angle: -1.
      class_id: -1
      octave: 0
      pt:
         x: 1.4432795715332031e+02
         y: 1.7266128540039062e+02
      response: 0.
      size: 3.2231094837188721e+00
   -
      angle: -1.
      class_id: -1
      octave: 0
      pt:
         x: 1.0216260528564453e+02
         y: 1.7084553527832031e+02
      response: 0.
      size: 2.4481401443481445e+00
   -
      angle: -1.
      class_id: -1
      octave: 0
      pt:
         x: 2.7603372192382812e+02
         y: 1.3737640380859375e+02
      response: 0.
      size: 5.4389519691467285e+00
   -
      angle: -1.
      class_id: -1
      octave: 0
      pt:
         x: 2.2264367675781250e+02
         y: 1.3326437377929688e+02
      response: 0.
      size: 2.3540780544281006e+00
   -
      angle: -1.
      class_id: -1
      octave: 0
      pt:
         x: 1.8307936096191406e+02
         y: 1.3155555725097656e+02
      response: 0.
      size: 1.8933520317077637e+00
   -
      angle: -1.
      class_id: -1
      octave: 0
      pt:
         x: 7.0555553436279297e+00
         y: 1.3186111450195312e+02
      response: 0.
      size: 2.3440485000610352e+00
   -
      angle: -1.
      class_id: -1
      octave: 0
      pt:
         x: 1.4779167175292969e+02
         y: 1.2904167175292969e+02
      response: 0.
      size: 2.0623700618743896e+00
   -
      angle: -1.
      class_id: -1
      octave: 0
      pt:
         x: 1.0841880035400391e+02
         y: 1.2916239929199219e+02
      response: 0.
      size: 2.5862998962402344e+00
   -
      angle: -1.
      class_id: -1
      octave: 0
      pt:
         x: 4.1320800781250000e+01
         y: 1.3047869873046875e+02
      response: 0.
      size: 4.5668230056762695e+00
   -
      angle: -1.
      class_id: -1
      octave: 0
      pt:
         x: 2.2568159484863281e+02
         y: 9.3203979492187500e+01
      response: 0.
      size: 3.3246712684631348e+00
   -
      angle: -1.
      class_id: -1
      octave: 0
      pt:
         x: 1.8584794616699219e+02
         y: 9.0029243469238281e+01
      response: 0.
      size: 3.0330531597137451e+00
   -
      angle: -1.
      class_id: -1
      octave: 0
      pt:
         x: 1.4150000000000000e+02
         y: 8.8733329772949219e+01
      response: 0.
      size: 2.7906334400177002e+00
   -
      angle: -1.
      class_id: -1
      octave: 0
      pt:
         x: 2.8049389648437500e+02
         y: 8.9571136474609375e+01
      response: 0.
      size: 5.3682770729064941e+00
   -
      angle: -1.
      class_id: -1
      octave: 0
      pt:
         x: 5.9871429443359375e+01
         y: 8.5849998474121094e+01
      response: 0.
      size: 4.9041013717651367e+00
   -
      angle: -1.
      class_id: -1
      octave: 0
      pt:
         x: 1.0186243438720703e+02
         y: 8.3079368591308594e+01
      response: 0.
      size: 4.4029989242553711e+00
   -
      angle: -1.
      class_id: -1
      octave: 0
      pt:
         x: 1.8534959411621094e+02
         y: 4.9837398529052734e+01
      response: 0.
      size: 2.7795486450195312e+00
   -
      angle: -1.
      class_id: -1
      octave: 0
      pt:
         x: 1.4640936279296875e+02
         y: 4.8356723785400391e+01
      response: 0.
      size: 2.9955279827117920e+00
   -
      angle: -1.
      class_id: -1
      octave: 0
      pt:
         x: 2.3042646789550781e+02
         y: 4.5612743377685547e+01
      response: 0.
      size: 3.6666760444641113e+00
   -
      angle: -1.
      class_id: -1
      octave: 0
      pt:
         x: 1.0316384124755859e+02
         y: 4.3050846099853516e+01
      response: 0.
      size: 4.9461326599121094e+00
   -
      angle: -1.
      class_id: -1
      octave: 0
      pt:
         x: 4.7778644561767578e+01
         y: 3.0187500000000000e+01
      response: 0.
      size: 7.4905376434326172e+00
   -
      angle: -1.
      class_id: -1
      octave: 0
      pt:
         x: 2.4098934173583984e+01
         y: 1.3213089942932129e+01
      response: 0.
      size: 6.1494903564453125e+00
