%YAML:1.0
KeyPoints:
   -
      angle: -1.
      class_id: -1
      octave: 0
      pt:
         x: 2.9270513916015625e+02
         y: 2.3578205871582031e+02
      response: 0.
      size: 2.3759026527404785e+00
   -
      angle: -1.
      class_id: -1
      octave: 0
      pt:
         x: 4.1869731903076172e+01
         y: 1.8965899658203125e+02
      response: 0.
      size: 3.8285965919494629e+00
   -
      angle: -1.
      class_id: -1
      octave: 0
      pt:
         x: 2.4145220947265625e+02
         y: 1.8616783142089844e+02
      response: 0.
      size: 5.0740008354187012e+00
   -
      angle: -1.
      class_id: -1
      octave: 0
      pt:
         x: 1.0355914306640625e+02
         y: 1.7993011474609375e+02
      response: 0.
      size: 3.1628923416137695e+00
   -
      angle: -1.
      class_id: -1
      octave: 0
      pt:
         x: 1.8932026672363281e+02
         y: 1.7939869689941406e+02
      response: 0.
      size: 2.8191838264465332e+00
   -
      angle: -1.
      class_id: -1
      octave: 0
      pt:
         x: 1.4755999755859375e+02
         y: 1.7844000244140625e+02
      response: 0.
      size: 2.8646488189697266e+00
   -
      angle: -1.
      class_id: -1
      octave: 0
      pt:
         x: 2.3407894897460938e+02
         y: 1.3573245239257812e+02
      response: 0.
      size: 3.4147911071777344e+00
   -
      angle: -1.
      class_id: -1
      octave: 0
      pt:
         x: 188.
         y: 1.3550000000000000e+02
      response: 0.
      size: 2.5000000000000000e+00
   -
      angle: -1.
      class_id: -1
      octave: 0
      pt:
         x: 4.8646343231201172e+01
         y: 1.3558943176269531e+02
      response: 0.
      size: 3.6089460849761963e+00
   -
      angle: -1.
      class_id: -1
      octave: 0
      pt:
         x: 1.4778030395507812e+02
         y: 1.3527272033691406e+02
      response: 0.
      size: 2.7648773193359375e+00
   -
      angle: -1.
      class_id: -1
      octave: 0
      pt:
         x: 106.
         y: 1.3354762268066406e+02
      response: 0.
      size: 2.0620703697204590e+00
   -
      angle: -1.
      class_id: -1
      octave: 0
      pt:
         x: 1.4850000000000000e+02
         y: 9.1990196228027344e+01
      response: 0.
      size: 2.4960916042327881e+00
   -
      angle: -1.
      class_id: -1
      octave: 0
      pt:
         x: 1.8938461303710938e+02
         y: 9.2384613037109375e+01
      response: 0.
      size: 3.6357853412628174e+00
   -
      angle: -1.
      class_id: -1
      octave: 0
      pt:
         x: 1.0551041412353516e+02
         y: 8.9875000000000000e+01
      response: 0.
      size: 2.5031230449676514e+00
   -
      angle: -1.
      class_id: -1
      octave: 0
      pt:
         x: 2.3505882263183594e+02
         y: 9.0416664123535156e+01
      response: 0.
      size: 3.3556175231933594e+00
   -
      angle: -1.
      class_id: -1
      octave: 0
      pt:
         x: 3.0827938842773438e+02
         y: 8.1907310485839844e+01
      response: 0.
      size: 4.1206388473510742e+00
   -
      angle: -1.
      class_id: -1
      octave: 0
      pt:
         x: 4.7504760742187500e+01
         y: 8.4089523315429688e+01
      response: 0.
      size: 5.3858666419982910e+00
   -
      angle: -1.
      class_id: -1
      octave: 0
      pt:
         x: 1.4702082824707031e+02
         y: 4.5729167938232422e+01
      response: 0.
      size: 2.9066705703735352e+00
   -
      angle: -1.
      class_id: -1
      octave: 0
      pt:
         x: 1.9195097351074219e+02
         y: 4.2941177368164062e+01
      response: 0.
      size: 4.1412959098815918e+00
   -
      angle: -1.
      class_id: -1
      octave: 0
      pt:
         x: 1.0034385681152344e+02
         y: 3.8512279510498047e+01
      response: 0.
      size: 4.1824574470520020e+00
   -
      angle: -1.
      class_id: -1
      octave: 0
      pt:
         x: 2.4759091186523438e+02
         y: 3.1203462600708008e+01
      response: 0.
      size: 5.3051986694335938e+00
   -
      angle: -1.
      class_id: -1
      octave: 0
      pt:
         x: 3.7233676910400391e+01
         y: 2.5776632308959961e+01
      response: 0.
      size: 3.9242873191833496e+00
