%YAML:1.0
KeyPoints:
   -
      angle: -1.
      class_id: -1
      octave: 0
      pt:
         x: 2.5165164947509766e+01
         y: 2.0363363647460938e+02
      response: 0.
      size: 4.2130856513977051e+00
   -
      angle: -1.
      class_id: -1
      octave: 0
      pt:
         x: 2.9428454589843750e+02
         y: 2.0035365295410156e+02
      response: 0.
      size: 3.6657445430755615e+00
   -
      angle: -1.
      class_id: -1
      octave: 0
      pt:
         x: 2.2959524536132812e+02
         y: 1.8678306579589844e+02
      response: 0.
      size: 4.7407226562500000e+00
   -
      angle: -1.
      class_id: -1
      octave: 0
      pt:
         x: 9.7339561462402344e+01
         y: 1.8654516601562500e+02
      response: 0.
      size: 4.5769357681274414e+00
   -
      angle: -1.
      class_id: -1
      octave: 0
      pt:
         x: 1.8167213439941406e+02
         y: 1.8219398498535156e+02
      response: 0.
      size: 4.3760781288146973e+00
   -
      angle: -1.
      class_id: -1
      octave: 0
      pt:
         x: 1.4436805725097656e+02
         y: 1.8008332824707031e+02
      response: 0.
      size: 2.8165938854217529e+00
   -
      angle: -1.
      class_id: -1
      octave: 0
      pt:
         x: 2.8847619628906250e+02
         y: 1.4383709716796875e+02
      response: 0.
      size: 4.7351045608520508e+00
   -
      angle: -1.
      class_id: -1
      octave: 0
      pt:
         x: 3.3644069671630859e+01
         y: 1.4407910156250000e+02
      response: 0.
      size: 6.5345969200134277e+00
   -
      angle: -1.
      class_id: -1
      octave: 0
      pt:
         x: 2.2461289978027344e+02
         y: 1.3908064270019531e+02
      response: 0.
      size: 3.2371134757995605e+00
   -
      angle: -1.
      class_id: -1
      octave: 0
      pt:
         x: 184.
         y: 1.3725000000000000e+02
      response: 0.
      size: 2.3042476177215576e+00
   -
      angle: -1.
      class_id: -1
      octave: 0
      pt:
         x: 1.4584313964843750e+02
         y: 1.3728431701660156e+02
      response: 0.
      size: 2.3623204231262207e+00
   -
      angle: -1.
      class_id: -1
      octave: 0
      pt:
         x: 1.0269945526123047e+02
         y: 1.3822404479980469e+02
      response: 0.
      size: 3.2312645912170410e+00
   -
      angle: -1.
      class_id: -1
      octave: 0
      pt:
         x: 2.2450000000000000e+02
         y: 9.7047622680664062e+01
      response: 0.
      size: 2.5382559299468994e+00
   -
      angle: -1.
      class_id: -1
      octave: 0
      pt:
         x: 1.4575555419921875e+02
         y: 9.7500000000000000e+01
      response: 0.
      size: 2.3042850494384766e+00
   -
      angle: -1.
      class_id: -1
      octave: 0
      pt:
         x: 1.8327642822265625e+02
         y: 9.6447151184082031e+01
      response: 0.
      size: 2.6534099578857422e+00
   -
      angle: -1.
      class_id: -1
      octave: 0
      pt:
         x: 1.0237442779541016e+02
         y: 9.5908676147460938e+01
      response: 0.
      size: 3.3830964565277100e+00
   -
      angle: -1.
      class_id: -1
      octave: 0
      pt:
         x: 2.8721771240234375e+02
         y: 9.2487472534179688e+01
      response: 0.
      size: 5.4888105392456055e+00
   -
      angle: -1.
      class_id: -1
      octave: 0
      pt:
         x: 3.5215686798095703e+01
         y: 8.9292335510253906e+01
      response: 0.
      size: 5.9269227981567383e+00
   -
      angle: -1.
      class_id: -1
      octave: 0
      pt:
         x: 1.4356896972656250e+02
         y: 5.3448276519775391e+01
      response: 0.
      size: 2.9722852706909180e+00
   -
      angle: -1.
      class_id: -1
      octave: 0
      pt:
         x: 1.8404888916015625e+02
         y: 5.3235553741455078e+01
      response: 0.
      size: 3.5226392745971680e+00
   -
      angle: -1.
      class_id: -1
      octave: 0
      pt:
         x: 2.3005000305175781e+02
         y: 4.9319442749023438e+01
      response: 0.
      size: 4.3712072372436523e+00
   -
      angle: -1.
      class_id: -1
      octave: 0
      pt:
         x: 9.6779708862304688e+01
         y: 4.6820289611816406e+01
      response: 0.
      size: 4.2518143653869629e+00
   -
      angle: -1.
      class_id: -1
      octave: 0
      pt:
         x: 2.9170761108398438e+02
         y: 3.7836257934570312e+01
      response: 0.
      size: 3.1522800922393799e+00
