%YAML:1.0
KeyPoints:
   -
      angle: -1.
      class_id: -1
      octave: 0
      pt:
         x: 4.2133335113525391e+01
         y: 2.3449066162109375e+02
      response: 0.
      size: 4.5735325813293457e+00
   -
      angle: -1.
      class_id: -1
      octave: 0
      pt:
         x: 2.9246215820312500e+02
         y: 2.1301431274414062e+02
      response: 0.
      size: 5.5378508567810059e+00
   -
      angle: -1.
      class_id: -1
      octave: 0
      pt:
         x: 3.9086612701416016e+01
         y: 1.9275196838378906e+02
      response: 0.
      size: 7.7074213027954102e+00
   -
      angle: -1.
      class_id: -1
      octave: 0
      pt:
         x: 9.3237373352050781e+01
         y: 1.8519697570800781e+02
      response: 0.
      size: 3.2650163173675537e+00
   -
      angle: -1.
      class_id: -1
      octave: 0
      pt:
         x: 2.0990597534179688e+02
         y: 1.8322222900390625e+02
      response: 0.
      size: 2.7793684005737305e+00
   -
      angle: -1.
      class_id: -1
      octave: 0
      pt:
         x: 1.3390089416503906e+02
         y: 1.8220721435546875e+02
      response: 0.
      size: 2.4214801788330078e+00
   -
      angle: -1.
      class_id: -1
      octave: 0
      pt:
         x: 1.7042308044433594e+02
         y: 1.8155769348144531e+02
      response: 0.
      size: 2.8938648700714111e+00
   -
      angle: -1.
      class_id: -1
      octave: 0
      pt:
         x: 4.0714775085449219e+01
         y: 1.4741580200195312e+02
      response: 0.
      size: 4.0778450965881348e+00
   -
      angle: -1.
      class_id: -1
      octave: 0
      pt:
         x: 2.5086579895019531e+02
         y: 1.4470562744140625e+02
      response: 0.
      size: 3.8769924640655518e+00
   -
      angle: -1.
      class_id: -1
      octave: 0
      pt:
         x: 9.5222221374511719e+01
         y: 1.4323016357421875e+02
      response: 0.
      size: 2.8140892982482910e+00
   -
      angle: -1.
      class_id: -1
      octave: 0
      pt:
         x: 1.7004504394531250e+02
         y: 1.4244143676757812e+02
      response: 0.
      size: 2.5019917488098145e+00
   -
      angle: -1.
      class_id: -1
      octave: 0
      pt:
         x: 2.0692349243164062e+02
         y: 1.4210928344726562e+02
      response: 0.
      size: 3.1102306842803955e+00
   -
      angle: -1.
      class_id: -1
      octave: 0
      pt:
         x: 1.3312820434570312e+02
         y: 1.4182905578613281e+02
      response: 0.
      size: 2.4465951919555664e+00
   -
      angle: -1.
      class_id: -1
      octave: 0
      pt:
         x: 1.3432380676269531e+02
         y: 1.0489524078369141e+02
      response: 0.
      size: 2.4864621162414551e+00
   -
      angle: -1.
      class_id: -1
      octave: 0
      pt:
         x: 2.0757499694824219e+02
         y: 1.0440000152587891e+02
      response: 0.
      size: 2.6201946735382080e+00
   -
      angle: -1.
      class_id: -1
      octave: 0
      pt:
         x: 1.7050000000000000e+02
         y: 1.0415151214599609e+02
      response: 0.
      size: 1.9029711484909058e+00
   -
      angle: -1.
      class_id: -1
      octave: 0
      pt:
         x: 2.5090322875976562e+02
         y: 1.0287634277343750e+02
      response: 0.
      size: 3.3755595684051514e+00
   -
      angle: -1.
      class_id: -1
      octave: 0
      pt:
         x: 9.4421875000000000e+01
         y: 1.0261458587646484e+02
      response: 0.
      size: 3.4214391708374023e+00
   -
      angle: -1.
      class_id: -1
      octave: 0
      pt:
         x: 3.9136482238769531e+01
         y: 1.0013123321533203e+02
      response: 0.
      size: 4.8121290206909180e+00
   -
      angle: -1.
      class_id: -1
      octave: 0
      pt:
         x: 2.3199999332427979e+00
         y: 9.9706665039062500e+01
      response: 0.
      size: 2.1201677322387695e+00
   -
      angle: -1.
      class_id: -1
      octave: 0
      pt:
         x: 1.7086419677734375e+02
         y: 6.5691360473632812e+01
      response: 0.
      size: 2.1579880714416504e+00
   -
      angle: -1.
      class_id: -1
      octave: 0
      pt:
         x: 132.
         y: 6.4145835876464844e+01
      response: 0.
      size: 2.2398724555969238e+00
   -
      angle: -1.
      class_id: -1
      octave: 0
      pt:
         x: 2.0863703918457031e+02
         y: 6.3192592620849609e+01
      response: 0.
      size: 2.7578744888305664e+00
   -
      angle: -1.
      class_id: -1
      octave: 0
      pt:
         x: 9.2052284240722656e+01
         y: 6.1150325775146484e+01
      response: 0.
      size: 3.0559871196746826e+00
   -
      angle: -1.
      class_id: -1
      octave: 0
      pt:
         x: 3.3825756072998047e+01
         y: 4.9920455932617188e+01
      response: 0.
      size: 5.7502164840698242e+00
   -
      angle: -1.
      class_id: -1
      octave: 0
      pt:
         x: 2.9336697387695312e+02
         y: 3.4047401428222656e+01
      response: 0.
      size: 6.4218873977661133e+00
   -
      angle: -1.
      class_id: -1
      octave: 0
      pt:
         x: 8.0137565612792969e+01
         y: 3.7619047164916992e+00
      response: 0.
      size: 3.2287490367889404e+00
