%YAML:1.0
KeyPoints:
   -
      angle: -1.
      class_id: -1
      octave: 0
      pt:
         x: 1.1928571701049805e+01
         y: 1.9991429138183594e+02
      response: 0.
      size: 3.3781962394714355e+00
   -
      angle: -1.
      class_id: -1
      octave: 0
      pt:
         x: 2.6075518798828125e+02
         y: 1.9217514038085938e+02
      response: 0.
      size: 5.3748588562011719e+00
   -
      angle: -1.
      class_id: -1
      octave: 0
      pt:
         x: 7.4657470703125000e+01
         y: 1.9125747680664062e+02
      response: 0.
      size: 4.7878856658935547e+00
   -
      angle: -1.
      class_id: -1
      octave: 0
      pt:
         x: 1.2660073089599609e+02
         y: 1.8347619628906250e+02
      response: 0.
      size: 3.7914619445800781e+00
   -
      angle: -1.
      class_id: -1
      octave: 0
      pt:
         x: 1.6676364135742188e+02
         y: 1.8107272338867188e+02
      response: 0.
      size: 3.0252382755279541e+00
   -
      angle: -1.
      class_id: -1
      octave: 0
      pt:
         x: 2.0698112487792969e+02
         y: 1.8191824340820312e+02
      response: 0.
      size: 4.1237831115722656e+00
   -
      angle: -1.
      class_id: -1
      octave: 0
      pt:
         x: 3.1156817626953125e+02
         y: 1.4571969604492188e+02
      response: 0.
      size: 2.7231626510620117e+00
   -
      angle: -1.
      class_id: -1
      octave: 0
      pt:
         x: 9.5538053512573242e+00
         y: 1.4552755737304688e+02
      response: 0.
      size: 4.5782470703125000e+00
   -
      angle: -1.
      class_id: -1
      octave: 0
      pt:
         x: 2.4333796691894531e+02
         y: 1.4111111450195312e+02
      response: 0.
      size: 3.3920738697052002e+00
   -
      angle: -1.
      class_id: -1
      octave: 0
      pt:
         x: 8.1972976684570312e+01
         y: 1.4065765380859375e+02
      response: 0.
      size: 3.3731656074523926e+00
   -
      angle: -1.
      class_id: -1
      octave: 0
      pt:
         x: 2.0547367858886719e+02
         y: 1.3987719726562500e+02
      response: 0.
      size: 2.5567460060119629e+00
   -
      angle: -1.
      class_id: -1
      octave: 0
      pt:
         x: 168.
         y: 1.3975000000000000e+02
      response: 0.
      size: 2.3042476177215576e+00
   -
      angle: -1.
      class_id: -1
      octave: 0
      pt:
         x: 1.2793035125732422e+02
         y: 1.3944277954101562e+02
      response: 0.
      size: 3.2898025512695312e+00
   -
      angle: -1.
      class_id: -1
      octave: 0
      pt:
         x: 1.6640229797363281e+02
         y: 102.
      response: 0.
      size: 3.0924139022827148e+00
   -
      angle: -1.
      class_id: -1
      octave: 0
      pt:
         x: 2.0509259033203125e+02
         y: 1.0055555725097656e+02
      response: 0.
      size: 3.0302882194519043e+00
   -
      angle: -1.
      class_id: -1
      octave: 0
      pt:
         x: 129.
         y: 9.9500000000000000e+01
      response: 0.
      size: 2.5000000000000000e+00
   -
      angle: -1.
      class_id: -1
      octave: 0
      pt:
         x: 2.4978547668457031e+02
         y: 9.9046203613281250e+01
      response: 0.
      size: 4.0600242614746094e+00
   -
      angle: -1.
      class_id: -1
      octave: 0
      pt:
         x: 3.1127957153320312e+02
         y: 9.7026878356933594e+01
      response: 0.
      size: 3.1955578327178955e+00
   -
      angle: -1.
      class_id: -1
      octave: 0
      pt:
         x: 8.4407958984375000e+01
         y: 9.7308456420898438e+01
      response: 0.
      size: 3.4218912124633789e+00
   -
      angle: -1.
      class_id: -1
      octave: 0
      pt:
         x: 6.8627452850341797e+00
         y: 9.1494117736816406e+01
      response: 0.
      size: 5.2125635147094727e+00
   -
      angle: -1.
      class_id: -1
      octave: 0
      pt:
         x: 1.6650000000000000e+02
         y: 58.
      response: 0.
      size: 2.0615527629852295e+00
   -
      angle: -1.
      class_id: -1
      octave: 0
      pt:
         x: 2.0811904907226562e+02
         y: 5.8119049072265625e+01
      response: 0.
      size: 2.8334333896636963e+00
   -
      angle: -1.
      class_id: -1
      octave: 0
      pt:
         x: 1.2690960693359375e+02
         y: 5.7175140380859375e+01
      response: 0.
      size: 3.0953543186187744e+00
   -
      angle: -1.
      class_id: -1
      octave: 0
      pt:
         x: 2.5897222900390625e+02
         y: 4.9784721374511719e+01
      response: 0.
      size: 5.0605163574218750e+00
   -
      angle: -1.
      class_id: -1
      octave: 0
      pt:
         x: 7.3406593322753906e+01
         y: 4.3829669952392578e+01
      response: 0.
      size: 5.5922064781188965e+00
   -
      angle: -1.
      class_id: -1
      octave: 0
      pt:
         x: 1.2938271522521973e+01
         y: 3.7580245971679688e+01
      response: 0.
      size: 2.4026226997375488e+00
