%YAML:1.0
KeyPoints:
   -
      angle: -1.
      class_id: -1
      octave: 0
      pt:
         x: 2.7707189941406250e+02
         y: 2.3523529052734375e+02
      response: 0.
      size: 2.9519701004028320e+00
   -
      angle: -1.
      class_id: -1
      octave: 0
      pt:
         x: 1.1380952835083008e+01
         y: 1.8800433349609375e+02
      response: 0.
      size: 3.5245141983032227e+00
   -
      angle: -1.
      class_id: -1
      octave: 0
      pt:
         x: 2.7378543090820312e+02
         y: 1.8181225585937500e+02
      response: 0.
      size: 3.7900931835174561e+00
   -
      angle: -1.
      class_id: -1
      octave: 0
      pt:
         x: 8.5393615722656250e+01
         y: 1.7702127075195312e+02
      response: 0.
      size: 3.9762816429138184e+00
   -
      angle: -1.
      class_id: -1
      octave: 0
      pt:
         x: 2.1904232788085938e+02
         y: 1.7338624572753906e+02
      response: 0.
      size: 3.2664191722869873e+00
   -
      angle: -1.
      class_id: -1
      octave: 0
      pt:
         x: 1.3570370483398438e+02
         y: 1.7189630126953125e+02
      response: 0.
      size: 2.7070603370666504e+00
   -
      angle: -1.
      class_id: -1
      octave: 0
      pt:
         x: 1.7639999389648438e+02
         y: 1.7167999267578125e+02
      response: 0.
      size: 2.7822847366333008e+00
   -
      angle: -1.
      class_id: -1
      octave: 0
      pt:
         x: 3.1676388549804688e+02
         y: 1.3250000000000000e+02
      response: 0.
      size: 1.9437003135681152e+00
   -
      angle: -1.
      class_id: -1
      octave: 0
      pt:
         x: 2.6554840087890625e+02
         y: 1.2941935729980469e+02
      response: 0.
      size: 2.9798412322998047e+00
   -
      angle: -1.
      class_id: -1
      octave: 0
      pt:
         x: 1.3592326164245605e+01
         y: 1.2941247558593750e+02
      response: 0.
      size: 4.8225712776184082e+00
   -
      angle: -1.
      class_id: -1
      octave: 0
      pt:
         x: 2.1645410156250000e+02
         y: 1.2697584533691406e+02
      response: 0.
      size: 3.3534226417541504e+00
   -
      angle: -1.
      class_id: -1
      octave: 0
      pt:
         x: 1.7594624328613281e+02
         y: 1.2679570007324219e+02
      response: 0.
      size: 2.2049565315246582e+00
   -
      angle: -1.
      class_id: -1
      octave: 0
      pt:
         x: 1.3555555725097656e+02
         y: 1.2607936859130859e+02
      response: 0.
      size: 1.8933520317077637e+00
   -
      angle: -1.
      class_id: -1
      octave: 0
      pt:
         x: 9.1027023315429688e+01
         y: 1.2734233856201172e+02
      response: 0.
      size: 3.3731656074523926e+00
   -
      angle: -1.
      class_id: -1
      octave: 0
      pt:
         x: 1.7550000000000000e+02
         y: 86.
      response: 0.
      size: 1.8027756214141846e+00
   -
      angle: -1.
      class_id: -1
      octave: 0
      pt:
         x: 1.3476870727539062e+02
         y: 8.5904762268066406e+01
      response: 0.
      size: 2.9139556884765625e+00
   -
      angle: -1.
      class_id: -1
      octave: 0
      pt:
         x: 8.9333335876464844e+01
         y: 8.4406059265136719e+01
      response: 0.
      size: 3.0832288265228271e+00
   -
      angle: -1.
      class_id: -1
      octave: 0
      pt:
         x: 2.1639916992187500e+02
         y: 8.4436210632324219e+01
      response: 0.
      size: 3.6271488666534424e+00
   -
      angle: -1.
      class_id: -1
      octave: 0
      pt:
         x: 2.6579867553710938e+02
         y: 8.1904289245605469e+01
      response: 0.
      size: 4.1732511520385742e+00
   -
      angle: -1.
      class_id: -1
      octave: 0
      pt:
         x: 1.4321637153625488e+01
         y: 7.2502922058105469e+01
      response: 0.
      size: 3.0683648586273193e+00
   -
      angle: -1.
      class_id: -1
      octave: 0
      pt:
         x: 1.7476922607421875e+02
         y: 4.2743591308593750e+01
      response: 0.
      size: 2.1520924568176270e+00
   -
      angle: -1.
      class_id: -1
      octave: 0
      pt:
         x: 1.3286764526367188e+02
         y: 3.9401962280273438e+01
      response: 0.
      size: 3.2864842414855957e+00
   -
      angle: -1.
      class_id: -1
      octave: 0
      pt:
         x: 2.1769477844238281e+02
         y: 3.8899597167968750e+01
      response: 0.
      size: 3.8122117519378662e+00
   -
      angle: -1.
      class_id: -1
      octave: 0
      pt:
         x: 2.7053216552734375e+02
         y: 3.2152046203613281e+01
      response: 0.
      size: 3.1966540813446045e+00
   -
      angle: -1.
      class_id: -1
      octave: 0
      pt:
         x: 7.7180793762207031e+01
         y: 2.6983051300048828e+01
      response: 0.
      size: 4.4610338211059570e+00
