%YAML:1.0
KeyPoints:
   -
      angle: -1.
      class_id: -1
      octave: 0
      pt:
         x: 2.5675798416137695e+01
         y: 2.1238812255859375e+02
      response: 0.
      size: 3.4962532520294189e+00
   -
      angle: -1.
      class_id: -1
      octave: 0
      pt:
         x: 2.8439639282226562e+02
         y: 2.0737387084960938e+02
      response: 0.
      size: 3.6371886730194092e+00
   -
      angle: -1.
      class_id: -1
      octave: 0
      pt:
         x: 8.8902297973632812e+01
         y: 1.9928448486328125e+02
      response: 0.
      size: 4.3585848808288574e+00
   -
      angle: -1.
      class_id: -1
      octave: 0
      pt:
         x: 2.2286788940429688e+02
         y: 1.9488414001464844e+02
      response: 0.
      size: 5.2458214759826660e+00
   -
      angle: -1.
      class_id: -1
      octave: 0
      pt:
         x: 1.3776042175292969e+02
         y: 1.9288542175292969e+02
      response: 0.
      size: 3.9406244754791260e+00
   -
      angle: -1.
      class_id: -1
      octave: 0
      pt:
         x: 1.7972000122070312e+02
         y: 1.9008000183105469e+02
      response: 0.
      size: 3.9880814552307129e+00
   -
      angle: -1.
      class_id: -1
      octave: 0
      pt:
         x: 3.0106172561645508e+01
         y: 1.5632098388671875e+02
      response: 0.
      size: 4.8149185180664062e+00
   -
      angle: -1.
      class_id: -1
      octave: 0
      pt:
         x: 2.7109692382812500e+02
         y: 1.5094563293457031e+02
      response: 0.
      size: 4.9865598678588867e+00
   -
      angle: -1.
      class_id: -1
      octave: 0
      pt:
         x: 1.3909259033203125e+02
         y: 1.4803703308105469e+02
      response: 0.
      size: 3.0505890846252441e+00
   -
      angle: -1.
      class_id: -1
      octave: 0
      pt:
         x: 9.6031745910644531e+01
         y: 1.4786242675781250e+02
      response: 0.
      size: 3.1520273685455322e+00
   -
      angle: -1.
      class_id: -1
      octave: 0
      pt:
         x: 2.1723931884765625e+02
         y: 1.4676068115234375e+02
      response: 0.
      size: 2.5593831539154053e+00
   -
      angle: -1.
      class_id: -1
      octave: 0
      pt:
         x: 1.7660667419433594e+02
         y: 1.4661332702636719e+02
      response: 0.
      size: 2.8215491771697998e+00
   -
      angle: -1.
      class_id: -1
      octave: 0
      pt:
         x: 1.7686111450195312e+02
         y: 1.0634722137451172e+02
      response: 0.
      size: 1.9897218942642212e+00
   -
      angle: -1.
      class_id: -1
      octave: 0
      pt:
         x: 9.6753623962402344e+01
         y: 1.0667391204833984e+02
      response: 0.
      size: 2.7754745483398438e+00
   -
      angle: -1.
      class_id: -1
      octave: 0
      pt:
         x: 2.6741934204101562e+02
         y: 1.0491397857666016e+02
      response: 0.
      size: 3.2037193775177002e+00
   -
      angle: -1.
      class_id: -1
      octave: 0
      pt:
         x: 2.1522480773925781e+02
         y: 1.0568992614746094e+02
      response: 0.
      size: 2.6993000507354736e+00
   -
      angle: -1.
      class_id: -1
      octave: 0
      pt:
         x: 1.3831439208984375e+02
         y: 1.0550000000000000e+02
      response: 0.
      size: 3.7193672657012939e+00
   -
      angle: -1.
      class_id: -1
      octave: 0
      pt:
         x: 3.0787878036499023e+01
         y: 1.0421350097656250e+02
      response: 0.
      size: 6.4330301284790039e+00
   -
      angle: -1.
      class_id: -1
      octave: 0
      pt:
         x: 1.3869332885742188e+02
         y: 6.7933334350585938e+01
      response: 0.
      size: 2.0538959503173828e+00
   -
      angle: -1.
      class_id: -1
      octave: 0
      pt:
         x: 1.7559748840332031e+02
         y: 6.5125785827636719e+01
      response: 0.
      size: 2.9356586933135986e+00
   -
      angle: -1.
      class_id: -1
      octave: 0
      pt:
         x: 2.1737852478027344e+02
         y: 6.4197738647460938e+01
      response: 0.
      size: 3.2575705051422119e+00
   -
      angle: -1.
      class_id: -1
      octave: 0
      pt:
         x: 9.2871109008789062e+01
         y: 6.1297779083251953e+01
      response: 0.
      size: 3.8705089092254639e+00
   -
      angle: -1.
      class_id: -1
      octave: 0
      pt:
         x: 2.5369174957275391e+01
         y: 4.8283153533935547e+01
      response: 0.
      size: 3.7818629741668701e+00
   -
      angle: -1.
      class_id: -1
      octave: 0
      pt:
         x: 2.7572222900390625e+02
         y: 4.5444445610046387e+00
      response: 0.
      size: 2.3970518112182617e+00
