%YAML:1.0
KeyPoints:
   -
      angle: -1.
      class_id: -1
      octave: 0
      pt:
         x: 1.7966667175292969e+01
         y: 2.1808332824707031e+02
      response: 0.
      size: 3.0996816158294678e+00
   -
      angle: -1.
      class_id: -1
      octave: 0
      pt:
         x: 8.3481132507324219e+01
         y: 2.0835848999023438e+02
      response: 0.
      size: 4.5024137496948242e+00
   -
      angle: -1.
      class_id: -1
      octave: 0
      pt:
         x: 2.6233929443359375e+02
         y: 2.0233729553222656e+02
      response: 0.
      size: 6.2211470603942871e+00
   -
      angle: -1.
      class_id: -1
      octave: 0
      pt:
         x: 1.3289138793945312e+02
         y: 1.9862171936035156e+02
      response: 0.
      size: 3.7298049926757812e+00
   -
      angle: -1.
      class_id: -1
      octave: 0
      pt:
         x: 2.1465040588378906e+02
         y: 1.9593495178222656e+02
      response: 0.
      size: 2.6512043476104736e+00
   -
      angle: -1.
      class_id: -1
      octave: 0
      pt:
         x: 1.7396296691894531e+02
         y: 1.9494073486328125e+02
      response: 0.
      size: 2.8449556827545166e+00
   -
      angle: -1.
      class_id: -1
      octave: 0
      pt:
         x: 1.8329786300659180e+01
         y: 1.6675177001953125e+02
      response: 0.
      size: 3.8555109500885010e+00
   -
      angle: -1.
      class_id: -1
      octave: 0
      pt:
         x: 9.1442306518554688e+01
         y: 1.5620512390136719e+02
      response: 0.
      size: 2.9302835464477539e+00
   -
      angle: -1.
      class_id: -1
      octave: 0
      pt:
         x: 1.3650000000000000e+02
         y: 153.
      response: 0.
      size: 2.5000000000000000e+00
   -
      angle: -1.
      class_id: -1
      octave: 0
      pt:
         x: 1.7394770812988281e+02
         y: 1.5045751953125000e+02
      response: 0.
      size: 2.9830067157745361e+00
   -
      angle: -1.
      class_id: -1
      octave: 0
      pt:
         x: 2.1055555725097656e+02
         y: 1.4972222900390625e+02
      response: 0.
      size: 2.5045404434204102e+00
   -
      angle: -1.
      class_id: -1
      octave: 0
      pt:
         x: 208.
         y: 1.1160606384277344e+02
      response: 0.
      size: 1.9651831388473511e+00
   -
      angle: -1.
      class_id: -1
      octave: 0
      pt:
         x: 1.7315151977539062e+02
         y: 1.1150000000000000e+02
      response: 0.
      size: 1.9029711484909058e+00
   -
      angle: -1.
      class_id: -1
      octave: 0
      pt:
         x: 94.
         y: 1.1220833587646484e+02
      response: 0.
      size: 2.5546777248382568e+00
   -
      angle: -1.
      class_id: -1
      octave: 0
      pt:
         x: 2.3634145736694336e+01
         y: 1.1231978607177734e+02
      response: 0.
      size: 4.9438924789428711e+00
   -
      angle: -1.
      class_id: -1
      octave: 0
      pt:
         x: 2.4606250000000000e+02
         y: 1.1126041412353516e+02
      response: 0.
      size: 2.2863388061523438e+00
   -
      angle: -1.
      class_id: -1
      octave: 0
      pt:
         x: 1.7085333251953125e+02
         y: 7.3146667480468750e+01
      response: 0.
      size: 2.1516711711883545e+00
   -
      angle: -1.
      class_id: -1
      octave: 0
      pt:
         x: 1.3380952453613281e+02
         y: 7.3238098144531250e+01
      response: 0.
      size: 2.1979618072509766e+00
   -
      angle: -1.
      class_id: -1
      octave: 0
      pt:
         x: 2.4674214172363281e+02
         y: 7.0503143310546875e+01
      response: 0.
      size: 3.0445578098297119e+00
   -
      angle: -1.
      class_id: -1
      octave: 0
      pt:
         x: 9.1083335876464844e+01
         y: 7.1208335876464844e+01
      response: 0.
      size: 2.9802553653717041e+00
   -
      angle: -1.
      class_id: -1
      octave: 0
      pt:
         x: 2.1341991424560547e+01
         y: 5.8229438781738281e+01
      response: 0.
      size: 3.4971711635589600e+00
   -
      angle: -1.
      class_id: -1
      octave: 0
      pt:
         x: 2.0810527038574219e+02
         y: 3.0228069305419922e+01
      response: 0.
      size: 2.6194252967834473e+00
   -
      angle: -1.
      class_id: -1
      octave: 0
      pt:
         x: 1.3196226501464844e+02
         y: 2.9528301239013672e+01
      response: 0.
      size: 3.2004361152648926e+00
   -
      angle: -1.
      class_id: -1
      octave: 0
      pt:
         x: 2.8884445190429688e+01
         y: 1.4066666603088379e+01
      response: 0.
      size: 4.0282359123229980e+00
   -
      angle: -1.
      class_id: -1
      octave: 0
      pt:
         x: 7.5618644714355469e+01
         y: 1.0892655372619629e+01
      response: 0.
      size: 4.6904668807983398e+00
