%YAML:1.0
KeyPoints:
   -
      angle: -1.
      class_id: -1
      octave: 0
      pt:
         x: 2.8551515579223633e+01
         y: 1.9546969604492188e+02
      response: 0.
      size: 4.3408226966857910e+00
   -
      angle: -1.
      class_id: -1
      octave: 0
      pt:
         x: 2.2210317993164062e+02
         y: 1.8352380371093750e+02
      response: 0.
      size: 2.6939866542816162e+00
   -
      angle: -1.
      class_id: -1
      octave: 0
      pt:
         x: 9.2959709167480469e+01
         y: 1.8404029846191406e+02
      response: 0.
      size: 4.0743484497070312e+00
   -
      angle: -1.
      class_id: -1
      octave: 0
      pt:
         x: 1.7792857360839844e+02
         y: 1.7909524536132812e+02
      response: 0.
      size: 2.7623441219329834e+00
   -
      angle: -1.
      class_id: -1
      octave: 0
      pt:
         x: 1.3630952453613281e+02
         y: 1.7878175354003906e+02
      response: 0.
      size: 3.7346448898315430e+00
   -
      angle: -1.
      class_id: -1
      octave: 0
      pt:
         x: 2.7130145263671875e+02
         y: 1.4201159667968750e+02
      response: 0.
      size: 4.4135484695434570e+00
   -
      angle: -1.
      class_id: -1
      octave: 0
      pt:
         x: 3.2728614807128906e+01
         y: 1.4258111572265625e+02
      response: 0.
      size: 4.5008845329284668e+00
   -
      angle: -1.
      class_id: -1
      octave: 0
      pt:
         x: 2.2056889343261719e+02
         y: 1.3982221984863281e+02
      response: 0.
      size: 3.5282535552978516e+00
   -
      angle: -1.
      class_id: -1
      octave: 0
      pt:
         x: 9.6809524536132812e+01
         y: 1.3835119628906250e+02
      response: 0.
      size: 3.0422248840332031e+00
   -
      angle: -1.
      class_id: -1
      octave: 0
      pt:
         x: 1.7703546142578125e+02
         y: 1.3754609680175781e+02
      response: 0.
      size: 2.7226746082305908e+00
   -
      angle: -1.
      class_id: -1
      octave: 0
      pt:
         x: 1.3852380371093750e+02
         y: 1.3811904907226562e+02
      response: 0.
      size: 2.6191401481628418e+00
   -
      angle: -1.
      class_id: -1
      octave: 0
      pt:
         x: 1.7687719726562500e+02
         y: 9.7473686218261719e+01
      response: 0.
      size: 2.5567460060119629e+00
   -
      angle: -1.
      class_id: -1
      octave: 0
      pt:
         x: 138.
         y: 9.7500000000000000e+01
      response: 0.
      size: 2.5000000000000000e+00
   -
      angle: -1.
      class_id: -1
      octave: 0
      pt:
         x: 9.5703033447265625e+01
         y: 9.6521209716796875e+01
      response: 0.
      size: 3.0425026416778564e+00
   -
      angle: -1.
      class_id: -1
      octave: 0
      pt:
         x: 2.1837745666503906e+02
         y: 9.6588233947753906e+01
      response: 0.
      size: 3.4304368495941162e+00
   -
      angle: -1.
      class_id: -1
      octave: 0
      pt:
         x: 2.7055932617187500e+02
         y: 9.3875709533691406e+01
      response: 0.
      size: 4.5804839134216309e+00
   -
      angle: -1.
      class_id: -1
      octave: 0
      pt:
         x: 3.1062500000000000e+01
         y: 8.9671875000000000e+01
      response: 0.
      size: 4.7318463325500488e+00
   -
      angle: -1.
      class_id: -1
      octave: 0
      pt:
         x: 1.7792156982421875e+02
         y: 5.3215686798095703e+01
      response: 0.
      size: 3.7460732460021973e+00
   -
      angle: -1.
      class_id: -1
      octave: 0
      pt:
         x: 1.3720915222167969e+02
         y: 5.2748367309570312e+01
      response: 0.
      size: 4.0731673240661621e+00
   -
      angle: -1.
      class_id: -1
      octave: 0
      pt:
         x: 2.2334825134277344e+02
         y: 5.0651741027832031e+01
      response: 0.
      size: 3.3663215637207031e+00
   -
      angle: -1.
      class_id: -1
      octave: 0
      pt:
         x: 8.9316528320312500e+01
         y: 4.6375350952148438e+01
      response: 0.
      size: 4.5691280364990234e+00
   -
      angle: -1.
      class_id: -1
      octave: 0
      pt:
         x: 2.8227221679687500e+02
         y: 3.9933334350585938e+01
      response: 0.
      size: 3.2964954376220703e+00
   -
      angle: -1.
      class_id: -1
      octave: 0
      pt:
         x: 2.7002754211425781e+01
         y: 3.5110191345214844e+01
      response: 0.
      size: 4.3751144409179688e+00
