%YAML:1.0
KeyPoints:
   -
      angle: -1.
      class_id: -1
      octave: 0
      pt:
         x: 2.1369047164916992e+01
         y: 1.9888491821289062e+02
      response: 0.
      size: 3.8814516067504883e+00
   -
      angle: -1.
      class_id: -1
      octave: 0
      pt:
         x: 2.9829788208007812e+02
         y: 1.9606738281250000e+02
      response: 0.
      size: 5.4707674980163574e+00
   -
      angle: -1.
      class_id: -1
      octave: 0
      pt:
         x: 9.0812904357910156e+01
         y: 1.8435054016113281e+02
      response: 0.
      size: 4.9904026985168457e+00
   -
      angle: -1.
      class_id: -1
      octave: 0
      pt:
         x: 2.2474455261230469e+02
         y: 1.8103115844726562e+02
      response: 0.
      size: 4.2555656433105469e+00
   -
      angle: -1.
      class_id: -1
      octave: 0
      pt:
         x: 1.3846447753906250e+02
         y: 1.7755191040039062e+02
      response: 0.
      size: 2.9727580547332764e+00
   -
      angle: -1.
      class_id: -1
      octave: 0
      pt:
         x: 1.7842773437500000e+02
         y: 1.7699409484863281e+02
      response: 0.
      size: 4.2527217864990234e+00
   -
      angle: -1.
      class_id: -1
      octave: 0
      pt:
         x: 1.9929924011230469e+01
         y: 1.4219886779785156e+02
      response: 0.
      size: 5.2786002159118652e+00
   -
      angle: -1.
      class_id: -1
      octave: 0
      pt:
         x: 2.9130383300781250e+02
         y: 1.3759144592285156e+02
      response: 0.
      size: 6.0415234565734863e+00
   -
      angle: -1.
      class_id: -1
      octave: 0
      pt:
         x: 9.5547622680664062e+01
         y: 1.3624206542968750e+02
      response: 0.
      size: 3.7566535472869873e+00
   -
      angle: -1.
      class_id: -1
      octave: 0
      pt:
         x: 2.2057353210449219e+02
         y: 1.3407353210449219e+02
      response: 0.
      size: 3.3660957813262939e+00
   -
      angle: -1.
      class_id: -1
      octave: 0
      pt:
         x: 1.7594117736816406e+02
         y: 1.3261764526367188e+02
      response: 0.
      size: 2.4314644336700439e+00
   -
      angle: -1.
      class_id: -1
      octave: 0
      pt:
         x: 1.3865657043457031e+02
         y: 9.4888885498046875e+01
      response: 0.
      size: 2.3460669517517090e+00
   -
      angle: -1.
      class_id: -1
      octave: 0
      pt:
         x: 1.7587356567382812e+02
         y: 9.4597702026367188e+01
      response: 0.
      size: 2.2088413238525391e+00
   -
      angle: -1.
      class_id: -1
      octave: 0
      pt:
         x: 9.4283691406250000e+01
         y: 9.3063827514648438e+01
      response: 0.
      size: 3.8434367179870605e+00
   -
      angle: -1.
      class_id: -1
      octave: 0
      pt:
         x: 2.2003375244140625e+02
         y: 9.0978904724121094e+01
      response: 0.
      size: 3.5893511772155762e+00
   -
      angle: -1.
      class_id: -1
      octave: 0
      pt:
         x: 1.4316412925720215e+01
         y: 8.2642974853515625e+01
      response: 0.
      size: 5.7054758071899414e+00
   -
      angle: -1.
      class_id: -1
      octave: 0
      pt:
         x: 3.0962963867187500e+02
         y: 6.6318519592285156e+01
      response: 0.
      size: 5.4457416534423828e+00
   -
      angle: -1.
      class_id: -1
      octave: 0
      pt:
         x: 2.2734382629394531e+02
         y: 3.3398948669433594e+01
      response: 0.
      size: 5.0630364418029785e+00
   -
      angle: -1.
      class_id: -1
      octave: 0
      pt:
         x: 7.7868614196777344e+01
         y: 3.1412408828735352e+01
      response: 0.
      size: 7.4331331253051758e+00
   -
      angle: -1.
      class_id: -1
      octave: 0
      pt:
         x: 1.6808889389038086e+01
         y: 2.3955554962158203e+01
      response: 0.
      size: 3.4741344451904297e+00
